1261004000,22.7857142857
1268012000,107.172413793
1268009000,91.6551724138
1268021000,215.172413793
1261011000,102.034482759
1268003000,90.8965517241
1260025000,89.0689655172
1268018000,173.931034483
1268028000,36.9310344828
1260034000,153.344827586
1268016000,34.6896551724
1260029000,50.7586206897
1268004000,31.6551724138
1268019000,173.586206897
1267025000,20.0833333333
1268030000,34.5517241379
1263037000,34.3103448276
1261018000,96.275862069
1261006000,79.8965517241
1261015000,48.4482758621
1263020000,61.1379310345
1261009000,101.785714286
1262019000,47.0
1263035000,41.037037037
1260019000,105.551724138
1262016000,11.3103448276
1241013000,102.517241379
1268008000,169.655172414
