1260011000,39.5862068966
1260012000,32.275862069
1260013000,32.2413793103
1260014000,12.5517241379
1260015000,11.5357142857
1260016000,35.8620689655
1260017000,76.4482758621
1260018000,68.1724137931
1260019000,42.6206896552
1260020000,55.1034482759
1260021000,62.3448275862
1260023000,153.827586207
1260024000,139.310344828
1260025000,154.793103448
1260026000,104.24137931
1260027000,71.5172413793
1260028000,35.9655172414
1260029000,71.0689655172
1260030000,17.9655172414
1260033000,29.9655172414
1260034000,76.5862068966
1260035000,28.1724137931
1260037000,20.3928571429
1260039000,43.0689655172
1261003000,23.5517241379
1261004000,24.6551724138
1261006000,107.448275862
1261008000,44.8965517241
1261009000,146.551724138
1261010000,139.965517241
1261011000,159.24137931
1261013000,36.4482758621
1261014000,29.1034482759
1261015000,64.9655172414
1261016000,71.3793103448
1261017000,32.2068965517
1261018000,45.8275862069
1261019000,22.4482758621
1261020000,22.7586206897
1261021000,9.89655172414
1261022000,15.275862069
1261023000,26.4285714286
1261024000,43.7142857143
1261025000,54.8275862069
1261026000,62.3448275862
1261027000,50.3793103448
1261028000,88.3103448276
1261029000,91.5517241379
1261030000,69.724137931
1261031000,72.9310344828
1261032000,93.275862069
1262011000,32.0
1262012000,14.724137931
1262013000,11.724137931
1262014000,17.4482758621
1262015000,7.20689655172
1262016000,18.7931034483
1262017000,17.4137931034
1262018000,15.8275862069
1262019000,9.13793103448
1262020000,9.86206896552
1263012000,100.137931034
1263013000,28.7931034483
1263015000,23.8620689655
1263016000,26.8965517241
1263017000,26.9310344828
1263018000,24.4827586207
1263019000,26.7586206897
1263020000,45.9642857143
1263021000,44.4137931034
1263022000,70.3793103448
1263023000,69.0
1263025000,24.1071428571
1263026000,17.8275862069
1263027000,10.0689655172
1263028000,33.724137931
1263029000,89.275862069
1263030000,27.4827586207
1263031000,103.448275862
1263033000,102.482758621
1263034000,70.7586206897
1263035000,59.3793103448
1263036000,54.8275862069
1263037000,47.724137931
1268001000,46.8275862069
1268002000,19.7586206897
1268003000,29.6896551724
1268004000,9.0
1268005000,17.9310344828
1268006000,14.75
1268007000,17.3214285714
1268008000,131.137931034
1268009000,72.9655172414
1268011000,21.0344827586
1268012000,142.379310345
1268013000,10.9310344828
1268014000,12.3571428571
1268015000,14.6206896552
1268016000,18.1034482759
1268017000,93.2413793103
1268018000,64.0
1268019000,193.689655172
1268021000,318.448275862
1268022000,20.275862069
1268023000,43.1724137931
1268024000,26.1379310345
1268025000,106.137931034
1268026000,110.0
1268027000,227.034482759
1268028000,71.84
1268029000,94.4827586207
1268030000,39.5517241379
1268031000,35.2068965517
1268032000,47.8275862069
1268033000,10.6428571429
1268034000,11.8214285714
1268035000,30.7931034483
1268036000,66.275862069
1241013000,85.2068965517
1241015000,23.9285714286
1241017000,60.275862069
1241018000,48.8275862069
1241019000,32.1379310345
1241020000,12.3333333333
1241021000,36.2413793103
1241022000,20.4137931034
1241023000,27.7586206897
1241024000,47.5517241379
1241025000,53.0689655172
1241026000,120.344827586
1241027000,164.333333333
1241028000,280.142857143
1265011000,25.4615384615
1265013000,30.5384615385
1265014000,23.0
1265015000,44.0769230769
1265016000,15.0
1265017000,57.7692307692
1265019000,26.0833333333
1265021000,25.6923076923
1265022000,17.5384615385
1265024000,74.8461538462
1265026000,41.6153846154
1265027000,10.0
1265028000,28.3076923077
1265029000,31.0
1265032000,80.0
1265033000,10.0
1267025000,63.3076923077
1265035000,10.0
1265036000,40.9230769231
1267012000,72.4615384615
1267013000,35.5
1267014000,27.4615384615
1267016000,71.3076923077
1267018000,69.0769230769
1267019000,91.3846153846
1267020000,90.9166666667
1267022000,68.9230769231
1267023000,94.3076923077
1267024000,72.6153846154
1267026000,59.5384615385
1267028000,37.6153846154
1267029000,66.7692307692
1267030000,71.0
1267031000,33.5384615385
1267032000,47.9230769231
